
gini 5 5 [0.29900696768530205, 0.32459124327883243, 0.3180072424009657, 0.32179304290573907]
gini 5 10 [0.3178800680309431, 0.3131241084165478, 0.3210249094699879, 0.3254142433885658]
gini 5 15 [0.3249574806605585, 0.31636124218149897, 0.32530451004060135, 0.32437177658290356]
gini 5 20 [0.3246282986777857, 0.3181169757489301, 0.3185559091407879, 0.31367277515637004]
gini 5 30 [0.32578043561749054, 0.31745857566114344, 0.3169099089213212, 0.32223197629759687]
gini 5 40 [0.3328029845833105, 0.3196532426204324, 0.32958411061121473, 0.3226709096894546]
gini 5 50 [0.31541120316014704, 0.31926917590255677, 0.32305497640733016, 0.3214638428618457]
gini 5 60 [0.31903220497064794, 0.3039613738615165, 0.3179523757269834, 0.3181169757489301]
gini 5 70 [0.3251220716519449, 0.32590804345440577, 0.3258531767804236, 0.3243169099089213]
gini 5 80 [0.32890766445383224, 0.31400197520026335, 0.3237133764951169, 0.3184461757928234]
gini 5 120 [0.33071816535908266, 0.30851530780204106, 0.3251947766926369, 0.32415230988697463]
gini 5 160 [0.3227080704449443, 0.3171293756172501, 0.32437177658290356, 0.3246461099528147]
gini 5 200 [0.3312119383332419, 0.3119719082629211, 0.3219027762537035, 0.3250850433446724]
gini 10 5 [0.3292917101004005, 0.3353451113793482, 0.330626577416877, 0.3405025787336772]
gini 10 10 [0.34514730893729084, 0.3385273784703171, 0.33978931197190826, 0.34253264567101943]
gini 10 15 [0.3448729906183135, 0.3342477778997037, 0.3451113793481839, 0.3452759793701306]
gini 10 20 [0.34339167169583584, 0.3424777789970372, 0.3465379128717217, 0.34692197958959725]
gini 10 30 [0.3489329017391781, 0.339240645232086, 0.3517502469000329, 0.3459343794579173]
gini 10 40 [0.3504142206616558, 0.338253045100406, 0.3462635795018106, 0.3481839130911884]
gini 10 50 [0.34690294617874584, 0.3408317787775705, 0.35185998024799736, 0.3450565126742017]
gini 10 60 [0.3474515828167005, 0.34192911225721495, 0.3518051135740151, 0.34352024580269946]
gini 10 70 [0.34909749273056456, 0.3384725117963349, 0.34807417974322397, 0.34428837923845057]
gini 10 80 [0.3479453557908597, 0.3407769121035883, 0.34538571271809504, 0.3459343794579173]
gini 10 120 [0.3466286278597685, 0.34566004608800616, 0.34856797980906395, 0.34598924613189946]
gini 10 160 [0.34821967410983706, 0.3417645122352683, 0.34851311313508176, 0.3469768462635795]
gini 10 200 [0.3467383551873594, 0.33830791177438824, 0.34972017996269067, 0.34571491276198835]
gini 20 5 [0.28112141328797935, 0.2769669702622627, 0.2804235707231428, 0.27098650279820036]
gini 20 10 [0.29950074065946125, 0.29435970591462746, 0.2949083726544497, 0.29485350598046745]
gini 20 15 [0.30954079113403193, 0.3098321079776144, 0.3025897070119609, 0.3046746406232854]
gini 20 20 [0.3127228836341691, 0.30994184132557884, 0.30857017447602325, 0.3115329748710633]
gini 20 30 [0.3191419322982389, 0.31328870843849443, 0.31910457588061014, 0.3180072424009657]
gini 20 40 [0.31815438634992044, 0.3192143092285746, 0.31970810929441457, 0.3174037089871612]
gini 20 50 [0.3196357052723981, 0.32014704268627237, 0.32064084275211235, 0.31926917590255677]
gini 20 60 [0.3236956163932627, 0.3214638428618457, 0.3228355097114013, 0.32014704268627237]
gini 20 70 [0.32177538816042134, 0.3226160430154724, 0.3216284428837924, 0.31943377592450345]
gini 20 80 [0.3244637076863993, 0.3221771096236146, 0.3226709096894546, 0.32080544277405904]
gini 20 120 [0.32523179897953586, 0.3226160430154724, 0.32667617689015693, 0.32201250960166794]
gini 20 160 [0.32802984583310474, 0.32579831010644134, 0.32793811039174803, 0.32223197629759687]
gini 20 200 [0.3265485269106271, 0.3262921101722814, 0.32305497640733016, 0.32223197629759687]
gini 30 5 [0.25314094475229054, 0.26023263469768465, 0.2539778338637112, 0.2504115000548667]
gini 30 10 [0.27437318264113675, 0.2793262372434983, 0.2800395040052672, 0.275320970042796]
gini 30 15 [0.2848521424260712, 0.2856907714254362, 0.2873916383188851, 0.2837704378360584]
gini 30 20 [0.28567509738300323, 0.2943048392406452, 0.2899155053220674, 0.28815977175463625]
gini 30 30 [0.29374005596093705, 0.2958411061121475, 0.29600570613409416, 0.29677383956984527]
gini 30 40 [0.29917155867668843, 0.29863930648524084, 0.2996817732909031, 0.29891363985515196]
gini 30 50 [0.300762604926757, 0.2983649731153297, 0.30121804016240533, 0.29743223965763194]
gini 30 60 [0.30004937729741593, 0.3018215735762098, 0.3030286404038187, 0.2983649731153297]
gini 30 70 [0.302518242168212, 0.3012729068363876, 0.3048392406452321, 0.29979150663886756]
gini 30 80 [0.299939649969825, 0.30143750685833426, 0.30269944035992535, 0.30160210688028094]
gini 30 120 [0.3013112415647117, 0.30527817403708984, 0.304564907275321, 0.30264457368594316]
gini 30 160 [0.3037252427717123, 0.30549764073301877, 0.3042357072314276, 0.3037967738395698]
gini 30 200 [0.3078400175563724, 0.3024251069900143, 0.3061011741468232, 0.3037967738395698]
gini 40 5 [0.25539035496790474, 0.25995830132777353, 0.25024690003292, 0.25271590036212005]
gini 40 10 [0.27804904811543313, 0.2781740370898716, 0.2742236365631515, 0.2742236365631515]
gini 40 15 [0.284358369451912, 0.2890376385383518, 0.28667837155711623, 0.28031383737517834]
gini 40 20 [0.29006419048664067, 0.2892571052342807, 0.2923296389772852, 0.28848897179852956]
gini 40 30 [0.29406923794370987, 0.294249972566663, 0.2969933062657742, 0.29617030615604084]
gini 40 40 [0.2984034673835519, 0.29644463952595196, 0.29798090639745417, 0.2985295731372764]
gini 40 50 [0.30224392384923465, 0.2995720399429387, 0.30149237353231645, 0.30028530670470754]
gini 40 60 [0.3001042409612114, 0.3013277735103698, 0.30445517392735655, 0.3001755733567431]
gini 40 70 [0.3011466505733253, 0.30176670690222757, 0.30308350707780096, 0.3021507736201032]
gini 40 80 [0.30092719591814343, 0.3003401733786898, 0.30308350707780096, 0.30028530670470754]
gini 40 120 [0.30405442475448513, 0.3048392406452321, 0.30527817403708984, 0.3025348403379787]
gini 40 160 [0.3059746529873265, 0.3035224404696587, 0.3041259738834632, 0.30160210688028094]
gini 40 200 [0.3052065616941899, 0.30357730714364095, 0.30472950729726767, 0.30308350707780096]
gini 50 5 [0.25308608108849506, 0.26028750137166684, 0.2516185668824756, 0.2586963678261824]
gini 50 10 [0.27826850277061504, 0.27537583671677823, 0.27636343684845827, 0.27235816964775594]
gini 50 15 [0.2893509628572996, 0.28755623834083177, 0.2864040381872051, 0.280972237462965]
gini 50 20 [0.28841828057277663, 0.2915615055415341, 0.29008010534401407, 0.289586305278174]
gini 50 30 [0.29653810281450593, 0.2937013058268408, 0.2963897728519697, 0.2946340392845386]
gini 50 40 [0.29620892083173317, 0.3006693734225831, 0.29814550641940085, 0.2989685065291342]
gini 50 50 [0.2976353760904153, 0.29863930648524084, 0.30050477340063647, 0.29885877318116977]
gini 50 60 [0.3020244691940528, 0.30072424009656534, 0.3033578404477121, 0.3011083068144409]
gini 50 70 [0.3044384704010534, 0.3046197739493032, 0.3006693734225831, 0.3011083068144409]
gini 50 80 [0.30037855928018875, 0.30193130692417425, 0.3010534401404587, 0.30280917370788984]
gini 50 120 [0.30454819772864433, 0.30429057390540987, 0.30615604082080544, 0.3025897070119609]
gini 50 160 [0.3061941076425084, 0.30429057390540987, 0.30385164051355207, 0.30072424009656534]
gini 50 200 [0.301585559883689, 0.3051684406891254, 0.3044003072533743, 0.3033578404477121]
gini 60 5 [0.2573105832007461, 0.25699550093273343, 0.2541424338856578, 0.25211236694831557]
gini 60 10 [0.27695177483952377, 0.27713157028420937, 0.27592450345660047, 0.2731263030835071]
gini 60 15 [0.28583968837438967, 0.28398990453198725, 0.2854713047295073, 0.28157577087676944]
gini 60 20 [0.29132605475393647, 0.2920553056073741, 0.288104905080654, 0.286623504883134]
gini 60 30 [0.29445328359027817, 0.29578623943816523, 0.2956216394162186, 0.29600570613409416]
gini 60 40 [0.29725133044384705, 0.2986941731592231, 0.29693843959179195, 0.2992428398990453]
gini 60 50 [0.29911669501289295, 0.3012729068363876, 0.29891363985515196, 0.29863930648524084]
gini 60 60 [0.2998847863060295, 0.3008339734445298, 0.30264457368594316, 0.2992428398990453]
gini 60 70 [0.30191474186646183, 0.3024799736639965, 0.29935257324700976, 0.299901239986832]
gini 60 80 [0.30273769682339385, 0.3023153736420498, 0.3024799736639965, 0.3024251069900143]
gini 60 120 [0.3035057881165304, 0.30566224075496545, 0.306046307472841, 0.30313837375178315]
gini 60 160 [0.3046030613924398, 0.30451004060133874, 0.30522330736310765, 0.3035224404696587]
gini 60 200 [0.30399956109068965, 0.30549764073301877, 0.3041259738834632, 0.30264457368594316]
gini 70 5 [0.2585724474680419, 0.2513991001865467, 0.25935476791396905, 0.25348403379787116]
gini 70 10 [0.2770615021671147, 0.2743882365850982, 0.2779545703939427, 0.27471743662899156]
gini 70 15 [0.2824381412190706, 0.2826182376824317, 0.2833315044442006, 0.2873367716449029]
gini 70 20 [0.289515553848686, 0.2879403050587073, 0.2913969055195874, 0.2913969055195874]
gini 70 30 [0.29291710100400503, 0.2985295731372764, 0.2974871063316142, 0.29485350598046745]
gini 70 40 [0.2988972403577111, 0.29666410622188083, 0.29831010644134753, 0.2955119060682541]
gini 70 50 [0.3002688319525978, 0.2980357730714364, 0.30187644025019206, 0.2975968396795786]
gini 70 60 [0.3029022878147803, 0.2994623065949742, 0.3006693734225831, 0.2966092395478986]
gini 70 70 [0.2997201953146431, 0.3010534401404587, 0.30297377372983647, 0.3030286404038187]
gini 70 80 [0.30207933285784827, 0.30264457368594316, 0.30429057390540987, 0.3006145067486009]
gini 70 120 [0.30454819772864433, 0.3039613738615165, 0.3039065071875343, 0.30538790738505434]
gini 70 160 [0.30498710703900805, 0.305058707341161, 0.30407110720948094, 0.3022605069680676]
gini 70 200 [0.30602951665112194, 0.30785690771425434, 0.30780204104027215, 0.3036870404916054]
gini 80 5 [0.2536347177264498, 0.25754416767255567, 0.2528256337100845, 0.2540327005376934]
gini 80 10 [0.2725626817358863, 0.27219356962580926, 0.27636343684845827, 0.2730165697355426]
gini 80 15 [0.28320623251220717, 0.2887084384944585, 0.2831669044222539, 0.2817403708987161]
gini 80 20 [0.289515553848686, 0.29079337210578293, 0.2921650389553385, 0.2873367716449029]
gini 80 30 [0.29620892083173317, 0.2970481729397564, 0.29600570613409416, 0.29298803906507187]
gini 80 40 [0.2966478301420969, 0.29770657302754305, 0.2978163063755075, 0.2955119060682541]
gini 80 50 [0.3004334229439842, 0.29929770657302757, 0.3001755733567431, 0.2989685065291342]
gini 80 60 [0.29950074065946125, 0.2995720399429387, 0.3008339734445298, 0.29841983978931197]
gini 80 70 [0.30125637790091625, 0.3025897070119609, 0.30313837375178315, 0.29907823987709864]
gini 80 80 [0.30175015087507545, 0.3025897070119609, 0.30357730714364095, 0.30280917370788984]
gini 80 120 [0.30136610522850715, 0.3044003072533743, 0.3027543070339076, 0.3015472402062987]
gini 80 160 [0.30465792505623523, 0.30341270712169427, 0.3054427740590365, 0.30341270712169427]
gini 80 200 [0.3043836067372579, 0.3062109074947877, 0.3046746406232854, 0.3025348403379787]
entropy 5 5 [0.321501069841444, 0.28245363766048504, 0.32201250960166794, 0.3346318446175793]
entropy 5 10 [0.3192516596258298, 0.318336442444859, 0.3183913091188412, 0.32437177658290356]
entropy 5 15 [0.31848356833269326, 0.3149895753319434, 0.3100515746735433, 0.3221771096236146]
entropy 5 20 [0.3178800680309431, 0.30730824097443216, 0.32590804345440577, 0.3118073082409744]
entropy 5 30 [0.3287430734624458, 0.3021507736201032, 0.31537364204981894, 0.32486557664874355]
entropy 5 40 [0.32753607285894554, 0.3174037089871612, 0.32305497640733016, 0.324975309996708]
entropy 5 50 [0.32386020738464916, 0.30972237462964997, 0.3197629759683968, 0.32453637660485024]
entropy 5 60 [0.32265320678114884, 0.31515417535389006, 0.32031164270821905, 0.32651157686821025]
entropy 5 70 [0.32984034673835516, 0.31471524196203227, 0.32832217710962364, 0.3207505761000768]
entropy 5 80 [0.33335162122126516, 0.32151870953582795, 0.31872050916273453, 0.32590804345440577]
entropy 5 120 [0.32484775333296756, 0.31169757489301, 0.3266213102161747, 0.32651157686821025]
entropy 5 160 [0.3253415263071268, 0.3133984417864589, 0.32442664325688575, 0.32546911006254803]
entropy 5 200 [0.33208975695396936, 0.3228355097114013, 0.32574344343245915, 0.32223197629759687]
entropy 10 5 [0.3312119383332419, 0.33858224514429935, 0.3356743114232415, 0.336277844837046]
entropy 10 10 [0.3445438086355407, 0.33243717765829034, 0.3431910457588061, 0.3472511796334906]
entropy 10 15 [0.3413617161354035, 0.3367167782289038, 0.342916712388895, 0.34587951278393503]
entropy 10 20 [0.34525703626488174, 0.3417096455612861, 0.34587951278393503, 0.3466476462196862]
entropy 10 30 [0.3504142206616558, 0.3450016460002195, 0.3480193130692417, 0.3433556457807528]
entropy 10 40 [0.34613485488560924, 0.342916712388895, 0.35153078020410405, 0.3462635795018106]
entropy 10 50 [0.34750644648049595, 0.3408317787775705, 0.3493361132448151, 0.3436848458246461]
entropy 10 60 [0.3462445822132002, 0.3401733786897838, 0.3450565126742017, 0.34730604630747286]
entropy 10 70 [0.34821967410983706, 0.34253264567101943, 0.34851311313508176, 0.3456051794140239]
entropy 10 80 [0.3470675371701322, 0.340941512125535, 0.34587951278393503, 0.3453308460441128]
entropy 10 120 [0.34514730893729084, 0.3441237792165039, 0.34730604630747286, 0.3467025128936684]
entropy 10 160 [0.34701267350633674, 0.3412158454954461, 0.3467573795676506, 0.344891912652255]
entropy 10 200 [0.3488780380753827, 0.3398441786458905, 0.3505980467464062, 0.34582464610995284]
entropy 20 5 [0.26526581445108904, 0.2729068363875782, 0.2674201689893559, 0.26687150224953365]
entropy 20 10 [0.28743073462445823, 0.28986063864808514, 0.29435970591462746, 0.2844837045978273]
entropy 20 15 [0.29823887639216545, 0.30193130692417425, 0.2956216394162186, 0.29457917261055633]
entropy 20 20 [0.3011466505733253, 0.3024799736639965, 0.30780204104027215, 0.30050477340063647]
entropy 20 30 [0.31228397432380534, 0.3104356413914188, 0.3053330407110721, 0.30555250740700096]
entropy 20 40 [0.3101991550995776, 0.31136837484911667, 0.3103259080434544, 0.3061011741468232]
entropy 20 50 [0.3130520656169419, 0.31263030835070776, 0.3131241084165478, 0.31230110830681446]
entropy 20 60 [0.31535633949635156, 0.31235597498079665, 0.31471524196203227, 0.3104356413914188]
entropy 20 70 [0.31711197673780656, 0.31548337539778337, 0.3144957752661034, 0.31136837484911667]
entropy 20 80 [0.3150820211773742, 0.31608690881158785, 0.3134533084604411, 0.31252057500274333]
entropy 20 120 [0.3173862950567839, 0.3166904422253923, 0.3159771754636234, 0.31520904202787225]
entropy 20 160 [0.3173314313929884, 0.31625150883353453, 0.3199824426643257, 0.31444090859212115]
entropy 20 200 [0.3160695671256927, 0.317348842313179, 0.3171293756172501, 0.3153187753758367]
entropy 30 5 [0.2574203105283371, 0.25578843410512453, 0.2518929002523867, 0.24920443322725777]
entropy 30 10 [0.27607395621879627, 0.2766926368923516, 0.27614397015252934, 0.27340063645341817]
entropy 30 15 [0.28721127996927637, 0.2856907714254362, 0.2850323713376495, 0.2821793042905739]
entropy 30 20 [0.2939046469523235, 0.2917261055634807, 0.2877757050367607, 0.28914737188631623]
entropy 30 30 [0.29823887639216545, 0.2978163063755075, 0.2954021727202897, 0.29523757269834305]
entropy 30 40 [0.29999451363362045, 0.2992428398990453, 0.3017118402282454, 0.2985295731372764]
entropy 30 50 [0.3028474241509848, 0.3033578404477121, 0.3024799736639965, 0.2991331065510809]
entropy 30 60 [0.30328633346134853, 0.3037967738395698, 0.30571710742894764, 0.30099857346647646]
entropy 30 70 [0.30405442475448513, 0.30538790738505434, 0.3042357072314276, 0.3024799736639965]
entropy 30 80 [0.30262796949580295, 0.30494897399319654, 0.30659497421266324, 0.30050477340063647]
entropy 30 120 [0.3058100619959401, 0.306540107538681, 0.30555250740700096, 0.30341270712169427]
entropy 30 160 [0.3071816535908268, 0.30593657412487657, 0.30659497421266324, 0.3061011741468232]
entropy 30 200 [0.3066330169528721, 0.30752770767036103, 0.30494897399319654, 0.30686930758257436]
entropy 40 5 [0.24951994294178964, 0.2559530341270712, 0.25721496762866236, 0.2564468341929112]
entropy 40 10 [0.2734405003566138, 0.27427850323713376, 0.2757050367606716, 0.27537583671677823]
entropy 40 15 [0.28775991660723105, 0.2842093712279162, 0.28722703829693846, 0.2832766377702184]
entropy 40 20 [0.2966478301420969, 0.29254910567321407, 0.29556677274223636, 0.287611105014814]
entropy 40 30 [0.293849783288528, 0.2991331065510809, 0.2982552397673653, 0.2950181060024141]
entropy 40 40 [0.29779996708180173, 0.300395040052672, 0.300888840118512, 0.2998463733128498]
entropy 40 50 [0.300762604926757, 0.30143750685833426, 0.3022605069680676, 0.30055964007461866]
entropy 40 60 [0.3020244691940528, 0.30143750685833426, 0.30429057390540987, 0.30121804016240533]
entropy 40 70 [0.30175015087507545, 0.30478437397124986, 0.3042357072314276, 0.30264457368594316]
entropy 40 80 [0.3037801064355078, 0.3048941073192143, 0.3034675737956765, 0.3025348403379787]
entropy 40 120 [0.3070719262632359, 0.3061011741468232, 0.3062109074947877, 0.30072424009656534]
entropy 40 160 [0.30915674548746364, 0.3071436409524855, 0.30719850762646767, 0.3053330407110721]
entropy 40 200 [0.3066330169528721, 0.30703390760452104, 0.3077471743662899, 0.3050038406671788]
entropy 50 5 [0.2565424919076096, 0.2582574344343246, 0.25288050038406673, 0.25211236694831557]
entropy 50 10 [0.2788171394085697, 0.27592450345660047, 0.2769669702622627, 0.27773510369801385]
entropy 50 15 [0.28545564272782137, 0.2859651047953473, 0.2867332382310984, 0.28563590475145395]
entropy 50 20 [0.290338508805618, 0.29479863930648526, 0.2900252386700318, 0.28815977175463625]
entropy 50 30 [0.29675755746968785, 0.29677383956984527, 0.29666410622188083, 0.2974871063316142]
entropy 50 40 [0.3014758325560981, 0.3051135740151432, 0.3003401733786898, 0.3008339734445298]
entropy 50 50 [0.302518242168212, 0.30121804016240533, 0.30297377372983647, 0.2998463733128498]
entropy 50 60 [0.3021341965216437, 0.30050477340063647, 0.30445517392735655, 0.2995720399429387]
entropy 50 70 [0.3049322433752126, 0.3041259738834632, 0.3046197739493032, 0.3020410402721387]
entropy 50 80 [0.3030120151423712, 0.3058817074508943, 0.3063206408427521, 0.300888840118512]
entropy 50 120 [0.30602951665112194, 0.3072533743004499, 0.30708877427850323, 0.30357730714364095]
entropy 50 160 [0.30773029022878146, 0.3063755075167343, 0.3067595742346099, 0.30472950729726767]
entropy 50 200 [0.3066330169528721, 0.30659497421266324, 0.30659497421266324, 0.3071436409524855]
entropy 60 5 [0.2535798540626543, 0.25480083397344455, 0.2574893009985735, 0.2570503676067157]
entropy 60 10 [0.2763482745377736, 0.276802370240316, 0.2786129704817294, 0.271644902885987]
entropy 60 15 [0.28375486915016185, 0.28815977175463625, 0.28909250521233404, 0.28398990453198725]
entropy 60 20 [0.29143578208152743, 0.2892022385602985, 0.29265883902117856, 0.28969603862613846]
entropy 60 30 [0.29736105777143795, 0.297926039723472, 0.29386590584878747, 0.29600570613409416]
entropy 60 40 [0.3011466505733253, 0.3019861735981565, 0.3035224404696587, 0.29710303961373863]
entropy 60 50 [0.30120151423712077, 0.30116317348842314, 0.3025897070119609, 0.29831010644134753]
entropy 60 60 [0.3042190157458715, 0.30429057390540987, 0.30193130692417425, 0.30237024031603205]
entropy 60 70 [0.3052065616941899, 0.30269944035992535, 0.3020410402721387, 0.3001755733567431]
entropy 60 80 [0.30416415208207603, 0.30549764073301877, 0.30593657412487657, 0.3042357072314276]
entropy 60 120 [0.3046030613924398, 0.30374190716558763, 0.30780204104027215, 0.3044003072533743]
entropy 60 160 [0.3078400175563724, 0.30692417425655655, 0.30780204104027215, 0.3063206408427521]
entropy 60 200 [0.30712678992703135, 0.3053330407110721, 0.30692417425655655, 0.3057719741029299]
entropy 70 5 [0.2600537663905196, 0.26028750137166684, 0.2582025677603424, 0.25606276747503565]
entropy 70 10 [0.27804904811543313, 0.27427850323713376, 0.2765280368704049, 0.2766926368923516]
entropy 70 15 [0.28649805233993525, 0.2878305717107429, 0.28607483814331175, 0.2833315044442006]
entropy 70 20 [0.2891863718659132, 0.29178097223746297, 0.2917261055634807, 0.28942170525622735]
entropy 70 30 [0.30037855928018875, 0.29765170635356086, 0.297926039723472, 0.2950729726763964]
entropy 70 40 [0.2966478301420969, 0.30023044003072535, 0.30050477340063647, 0.2950729726763964]
entropy 70 50 [0.30586492565973555, 0.30308350707780096, 0.3015472402062987, 0.29863930648524084]
entropy 70 60 [0.3037801064355078, 0.3061011741468232, 0.3012729068363876, 0.29995610666081424]
entropy 70 70 [0.3056454710045537, 0.30407110720948094, 0.3027543070339076, 0.3021507736201032]
entropy 70 80 [0.30504197070280353, 0.3021507736201032, 0.30494897399319654, 0.30308350707780096]
entropy 70 120 [0.3078948812201679, 0.3063206408427521, 0.3054427740590365, 0.30434544057939206]
entropy 70 160 [0.30537115268557635, 0.3061011741468232, 0.30736310764841435, 0.3029189070558543]
entropy 70 200 [0.3075108355735996, 0.3067047075606277, 0.3081861077581477, 0.30357730714364095]
entropy 80 5 [0.2536347177264498, 0.25485570064742674, 0.255898167453089, 0.2537035004938001]
entropy 80 10 [0.27925604871893345, 0.2783386371118183, 0.27592450345660047, 0.27230330297377375]
entropy 80 15 [0.2862237340209579, 0.28865357182047624, 0.28563590475145395, 0.2840447712059695]
entropy 80 20 [0.2911614637625501, 0.29200043893339184, 0.2918907055854274, 0.287611105014814]
entropy 80 30 [0.299939649969825, 0.29737737298364975, 0.2996817732909031, 0.29600570613409416]
entropy 80 40 [0.29961046798705215, 0.30055964007461866, 0.300888840118512, 0.2977614397015253]
entropy 80 50 [0.300762604926757, 0.30055964007461866, 0.30280917370788984, 0.29737737298364975]
entropy 80 60 [0.30175015087507545, 0.3025348403379787, 0.3019861735981565, 0.2991879732250631]
entropy 80 70 [0.3038898337630987, 0.3017118402282454, 0.3032481070997476, 0.3012729068363876]
entropy 80 80 [0.30103692324573433, 0.3058817074508943, 0.30149237353231645, 0.30308350707780096]
entropy 80 120 [0.30367037910791683, 0.30571710742894764, 0.30527817403708984, 0.3022605069680676]
entropy 80 160 [0.3057551983321446, 0.3083507077800944, 0.30884450784593437, 0.3033578404477121]
entropy 80 200 [0.3064684259614857, 0.30752770767036103, 0.308021507736201, 0.3041259738834632]
