
CleanData_without_crime_count.csv

gini 5 5 [0.3318703022987875, 0.30692417425655655, 0.3262921101722814, 0.3358389114451882]
gini 5 10 [0.33022439238492346, 0.33013277735103697, 0.3341929112257215, 0.33808844507845937]
gini 5 15 [0.3341197125144017, 0.3238779765170635, 0.3200921760122901, 0.336277844837046]
gini 5 20 [0.33291271191090144, 0.33002304400307253, 0.3396247119499616, 0.33512564468341927]
gini 5 30 [0.3367531683765842, 0.33166904422253923, 0.3384725117963349, 0.3333699111159881]
gini 5 40 [0.3337905305316289, 0.323987709865028, 0.33688137825085046, 0.33951497860199714]
gini 5 50 [0.33702748669556154, 0.32887084384944587, 0.34192911225721495, 0.340941512125535]
gini 5 60 [0.33565589510067484, 0.33649731153297485, 0.33946011192801495, 0.3358389114451882]
gini 5 70 [0.33565589510067484, 0.3353999780533304, 0.33781411170854825, 0.33770437836058376]
gini 5 80 [0.3359302134196522, 0.3292000438933392, 0.3401733786897838, 0.33660704488093934]
gini 5 120 [0.33560103143687936, 0.3312849775046637, 0.33572917809722375, 0.3380335784044771]
gini 5 160 [0.33439403083337904, 0.33194337759245035, 0.33721057829474377, 0.3381981784264238]
gini 5 200 [0.3408679431612443, 0.33057171074289476, 0.33660704488093934, 0.338253045100406]
gini 10 5 [0.34009985186810776, 0.33545484472731263, 0.337265444968726, 0.33315044442005926]
gini 10 10 [0.3439403083337905, 0.34450784593437944, 0.35202458026994404, 0.34220344562712607]
gini 10 15 [0.3458056729028364, 0.343410512454735, 0.34280697904093055, 0.3505980467464062]
gini 10 20 [0.34959126570472376, 0.3410512454734994, 0.3478547130472951, 0.3502688467025129]
gini 10 30 [0.35052394798924674, 0.3481839130911884, 0.350543180072424, 0.3463733128497751]
gini 10 40 [0.35271849454106546, 0.3457697794359706, 0.35202458026994404, 0.34280697904093055]
gini 10 50 [0.35277335820486094, 0.3474157796554373, 0.35273784703171296, 0.3501042466805662]
gini 10 60 [0.34876831074779174, 0.34428837923845057, 0.35416438055525074, 0.3525732470097663]
gini 10 70 [0.3529379491962473, 0.34708657961154393, 0.35273784703171296, 0.3526829803577307]
gini 10 80 [0.3450375816096999, 0.34703171293756174, 0.3512015801602107, 0.35235378031383735]
gini 10 120 [0.3504142206616558, 0.34719631295950837, 0.350543180072424, 0.3504334467244596]
gini 10 160 [0.3500301750150875, 0.3457697794359706, 0.35350598046746406, 0.3467025128936684]
gini 10 200 [0.35101772096340594, 0.34928124657083287, 0.35207944694392623, 0.3518051135740151]
gini 20 5 [0.3010917869095298, 0.30555250740700096, 0.30472950729726767, 0.2973225063096675]
gini 20 10 [0.3322543479453558, 0.32349390979918796, 0.3262921101722814, 0.3275540436738725]
gini 20 15 [0.3362045317386295, 0.3318885109184681, 0.33144957752661036, 0.3334796444639526]
gini 20 20 [0.3443243539803588, 0.337759245034566, 0.3380335784044771, 0.33430264457368597]
gini 20 30 [0.3441597629889724, 0.3414901788653572, 0.3433556457807528, 0.34472731263030837]
gini 20 40 [0.3476710374718824, 0.3474706463294195, 0.34538571271809504, 0.34703171293756174]
gini 20 50 [0.35233444889449717, 0.3481290464172062, 0.34642817952375726, 0.3462635795018106]
gini 20 60 [0.35184067592033796, 0.3467573795676506, 0.3467025128936684, 0.3481290464172062]
gini 20 70 [0.3499204476874966, 0.3480193130692417, 0.34928124657083287, 0.34829364643915284]
gini 20 80 [0.3535414494979975, 0.3491166465488862, 0.3492263798968507, 0.34928124657083287]
gini 20 120 [0.3531574038514292, 0.3499945133326018, 0.35081751344233514, 0.34950071326676174]
gini 20 160 [0.353486585834202, 0.35235378031383735, 0.3518051135740151, 0.3521343136179085]
gini 20 200 [0.35425467712733855, 0.3516953802260507, 0.3507077800943707, 0.35125644683419294]
gini 30 5 [0.27239809074449994, 0.2804235707231428, 0.2745528366070449, 0.27021836936244925]
gini 30 10 [0.29758051242661987, 0.2937013058268408, 0.2930429057390541, 0.2939756391967519]
gini 30 15 [0.3002139682888023, 0.30237024031603205, 0.300395040052672, 0.29710303961373863]
gini 30 20 [0.3083886541943271, 0.3105453747393833, 0.30330297377372983, 0.30374190716558763]
gini 30 30 [0.31403961156526033, 0.3152639087018545, 0.31109404147920555, 0.3104356413914188]
gini 30 40 [0.31403961156526033, 0.3118073082409744, 0.31263030835070776, 0.3119170415889389]
gini 30 50 [0.3196357052723981, 0.3129046417206189, 0.31729397563919676, 0.3118073082409744]
gini 30 60 [0.3191419322982389, 0.3150993086799078, 0.3174037089871612, 0.31729397563919676]
gini 30 70 [0.31853843199648874, 0.318830242510699, 0.3148249753099967, 0.31751344233512563]
gini 30 80 [0.3177703407033522, 0.3196532426204324, 0.31658070887742784, 0.31745857566114344]
gini 30 120 [0.32177538816042134, 0.32091517612202347, 0.31778777570503675, 0.3159771754636234]
gini 30 160 [0.3228726614363307, 0.3200921760122901, 0.3192143092285746, 0.3188851091846812]
gini 30 200 [0.32122675152246666, 0.3207505761000768, 0.32014704268627237, 0.32091517612202347]
gini 40 5 [0.2641685411751797, 0.26714583561944477, 0.25935476791396905, 0.2551849006913201]
gini 40 10 [0.27596422889120537, 0.2791067705475694, 0.2802589707011961, 0.2798200373093383]
gini 40 15 [0.29094200910736817, 0.29167123888949853, 0.2860199714693295, 0.2831120377482717]
gini 40 20 [0.2969770121248697, 0.29858443981125865, 0.29386590584878747, 0.2911225721496763]
gini 40 30 [0.2976353760904153, 0.3011083068144409, 0.3021507736201032, 0.2971579062877208]
gini 40 40 [0.30312174246996215, 0.3048392406452321, 0.2996269066169209, 0.3007791067705476]
gini 40 50 [0.301585559883689, 0.30308350707780096, 0.3039065071875343, 0.30143750685833426]
gini 40 60 [0.3049322433752126, 0.30549764073301877, 0.3027543070339076, 0.304564907275321]
gini 40 70 [0.3061941076425084, 0.3032481070997476, 0.3056073740809832, 0.3021507736201032]
gini 40 80 [0.30405442475448513, 0.304564907275321, 0.30599144079885876, 0.3046746406232854]
gini 40 120 [0.306852471608054, 0.30857017447602325, 0.30857017447602325, 0.30418084055744543]
gini 40 160 [0.30866297251330443, 0.3058268407769121, 0.30664984088664543, 0.3062657741687699]
gini 40 200 [0.30635869863389475, 0.30555250740700096, 0.30736310764841435, 0.3051135740151432]
gini 50 5 [0.26351017720963404, 0.26220783496104466, 0.2597388346318446, 0.2554592340612312]
gini 50 10 [0.27909145772754707, 0.27778997037199604, 0.27806430374190716, 0.2784483704597827]
gini 50 15 [0.28913150820211775, 0.28563590475145395, 0.28656863820915174, 0.2820695709426095]
gini 50 20 [0.29363032863334615, 0.29364643915285854, 0.28942170525622735, 0.2893119719082629]
gini 50 30 [0.29604432984034673, 0.29858443981125865, 0.29578623943816523, 0.293756172500823]
gini 50 40 [0.2976353760904153, 0.3012729068363876, 0.2980906397454186, 0.2974871063316142]
gini 50 50 [0.2993361496680748, 0.29874903983320533, 0.2968835729178097, 0.2969933062657742]
gini 50 60 [0.30405442475448513, 0.3000109733347964, 0.30176670690222757, 0.2989685065291342]
gini 50 70 [0.30240851484062103, 0.30357730714364095, 0.3042357072314276, 0.3012729068363876]
gini 50 80 [0.30175015087507545, 0.3025897070119609, 0.30264457368594316, 0.30176670690222757]
gini 50 120 [0.3019696055302573, 0.30374190716558763, 0.3048392406452321, 0.3017118402282454]
gini 50 160 [0.3043836067372579, 0.3023153736420498, 0.306540107538681, 0.30429057390540987]
gini 50 200 [0.3059746529873265, 0.306046307472841, 0.30341270712169427, 0.30407110720948094]
gini 60 5 [0.254128490700609, 0.2537035004938001, 0.2574893009985735, 0.25600790080105346]
gini 60 10 [0.28117627695177483, 0.28108197081092945, 0.2749917699989027, 0.2790519038735872]
gini 60 15 [0.27996927634827456, 0.2831120377482717, 0.28728190497092065, 0.2810271041369472]
gini 60 20 [0.28825368958139025, 0.29106770547569405, 0.28656863820915174, 0.28936683858224516]
gini 60 30 [0.2943984199264827, 0.293756172500823, 0.29435970591462746, 0.2914517721935696]
gini 60 40 [0.2969770121248697, 0.29874903983320533, 0.3011083068144409, 0.2951827060243608]
gini 60 50 [0.29895210402150657, 0.30099857346647646, 0.30220564029408536, 0.29858443981125865]
gini 60 60 [0.30125637790091625, 0.2980906397454186, 0.299901239986832, 0.29935257324700976]
gini 60 70 [0.30185987820266635, 0.30280917370788984, 0.3011083068144409, 0.2984747064632942]
gini 60 80 [0.30032369561639327, 0.3051135740151432, 0.3050038406671788, 0.30023044003072535]
gini 60 120 [0.3033960607889395, 0.3057719741029299, 0.30165697355426313, 0.30143750685833426]
gini 60 160 [0.30361551544412135, 0.3051135740151432, 0.3044003072533743, 0.3030286404038187]
gini 60 200 [0.30454819772864433, 0.3048941073192143, 0.3046746406232854, 0.30286404038187204]
gini 70 5 [0.2604378120370878, 0.25573356743114234, 0.25331943377592453, 0.254910567321409]
gini 70 10 [0.2764031382015691, 0.27899703719960495, 0.2757599034346538, 0.27351036980138266]
gini 70 15 [0.2853459154002304, 0.28651377153516955, 0.2850872380116317, 0.28305717107428946]
gini 70 20 [0.28995446315904977, 0.2906836387578185, 0.29123230549764073, 0.2867332382310984]
gini 70 30 [0.2962637844955286, 0.2958411061121475, 0.2953473060463075, 0.2943048392406452]
gini 70 40 [0.2985131947111428, 0.29863930648524084, 0.2989685065291342, 0.2954570393942719]
gini 70 50 [0.29944587699566577, 0.30099857346647646, 0.3010534401404587, 0.2984747064632942]
gini 70 60 [0.30087233225434795, 0.3020410402721387, 0.3020410402721387, 0.29858443981125865]
gini 70 70 [0.30207933285784827, 0.300888840118512, 0.30116317348842314, 0.300395040052672]
gini 70 80 [0.30416415208207603, 0.30269944035992535, 0.3015472402062987, 0.30072424009656534]
gini 70 120 [0.30323146979755305, 0.3041259738834632, 0.30330297377372983, 0.30330297377372983]
gini 70 160 [0.3038349700993032, 0.3039613738615165, 0.30280917370788984, 0.3010534401404587]
gini 70 200 [0.3038898337630987, 0.3025348403379787, 0.30527817403708984, 0.30165697355426313]
gini 80 5 [0.2584078564766555, 0.26220783496104466, 0.2604521013936135, 0.2592999012399868]
gini 80 10 [0.2809019586327975, 0.27702183693624494, 0.2793811039174805, 0.2742236365631515]
gini 80 15 [0.2898995994952543, 0.28656863820915174, 0.28409963787995174, 0.2821793042905739]
gini 80 20 [0.28808909859000387, 0.29221990562932076, 0.29029957203994294, 0.2879403050587073]
gini 80 30 [0.29598946617655125, 0.29600570613409416, 0.29512783935037856, 0.29787117304948973]
gini 80 40 [0.2992812860042794, 0.2975419730055964, 0.29633490617798747, 0.29392077252276966]
gini 80 50 [0.3002688319525978, 0.29929770657302757, 0.3008339734445298, 0.29798090639745417]
gini 80 60 [0.30087233225434795, 0.30264457368594316, 0.30099857346647646, 0.29979150663886756]
gini 80 70 [0.3008174685905525, 0.3004499067266542, 0.3034675737956765, 0.29951717326895644]
gini 80 80 [0.3015306962198936, 0.30116317348842314, 0.2996269066169209, 0.30160210688028094]
gini 80 120 [0.3035606517803259, 0.3036870404916054, 0.3025348403379787, 0.30055964007461866]
gini 80 160 [0.3023536511768256, 0.30549764073301877, 0.3025897070119609, 0.30269944035992535]
gini 80 200 [0.303341197125144, 0.3022605069680676, 0.3039065071875343, 0.30418084055744543]
entropy 5 5 [0.322324024798376, 0.32503017667069023, 0.33622297816306373, 0.33457697794359703]
entropy 5 10 [0.33208975695396936, 0.33106551080873475, 0.33616811148908154, 0.33808844507845937]
entropy 5 15 [0.3304987107039008, 0.3279929770657303, 0.3358389114451882, 0.3401185120158016]
entropy 5 20 [0.3391123059197893, 0.3356743114232415, 0.3353451113793482, 0.3394052452540327]
entropy 5 30 [0.34009985186810776, 0.33764951168660157, 0.337759245034566, 0.33402831120377485]
entropy 5 40 [0.3351621221265156, 0.3332053110940415, 0.33622297816306373, 0.3320531109404148]
entropy 5 50 [0.33390025785921984, 0.3358937781191704, 0.3369911115988149, 0.337265444968726]
entropy 5 60 [0.3357107587644703, 0.3359486447931526, 0.33688137825085046, 0.3353999780533304]
entropy 5 70 [0.3363691227300159, 0.3309009107867881, 0.3401733786897838, 0.33737517831669045]
entropy 5 80 [0.33373566686783346, 0.3363875781850104, 0.3384176451223527, 0.3400636453418194]
entropy 5 120 [0.33576562242826574, 0.3333699111159881, 0.3386919784922638, 0.3379787117304949]
entropy 5 160 [0.34026444285949414, 0.3336991111598815, 0.3371557116207615, 0.3398441786458905]
entropy 5 200 [0.33560103143687936, 0.33123011083068143, 0.33688137825085046, 0.3401733786897838]
entropy 10 5 [0.33647885005760686, 0.3365521782069571, 0.34730604630747286, 0.33616811148908154]
entropy 10 10 [0.352553903549679, 0.3467025128936684, 0.34763524635136617, 0.3502688467025129]
entropy 10 15 [0.35134690294617876, 0.3467025128936684, 0.350543180072424, 0.34851311313508176]
entropy 10 20 [0.34476326329072254, 0.3471414462855262, 0.3525732470097663, 0.3502688467025129]
entropy 10 30 [0.35046908432545126, 0.349061779874904, 0.3462087128278284, 0.35229891363985516]
entropy 10 40 [0.3506885389806331, 0.34944584659277955, 0.3524086469878196, 0.35202458026994404]
entropy 10 50 [0.35277335820486094, 0.34384944584659277, 0.34823877976517065, 0.3532865137715352]
entropy 10 60 [0.34909749273056456, 0.34993964665861954, 0.3534511137934818, 0.3501042466805662]
entropy 10 70 [0.3495364020409283, 0.34972017996269067, 0.3499945133326018, 0.3529024470536596]
entropy 10 80 [0.3503044933340648, 0.349061779874904, 0.35306704707560627, 0.3492263798968507]
entropy 10 120 [0.35184067592033796, 0.3481839130911884, 0.3529024470536596, 0.35185998024799736]
entropy 10 160 [0.3516760849289516, 0.34895204652693956, 0.3507626467683529, 0.3531767804235707]
entropy 10 200 [0.3484939924288144, 0.34840337978711733, 0.3536157138154285, 0.3528475803796774]
entropy 20 5 [0.29670269380589237, 0.29693843959179195, 0.2980906397454186, 0.2963897728519697]
entropy 20 10 [0.3209524332034893, 0.3114781081970811, 0.3108745747832766, 0.318336442444859]
entropy 20 15 [0.3314313929884238, 0.32634697684626357, 0.3214089761878635, 0.32321957642927684]
entropy 20 20 [0.3313765293246283, 0.3351805113574015, 0.32557884341051246, 0.3302425106990014]
entropy 20 30 [0.3354364404454929, 0.3398441786458905, 0.33721057829474377, 0.3360583781411171]
entropy 20 40 [0.3399901245405168, 0.3412707121694283, 0.3369911115988149, 0.3407769121035883]
entropy 20 50 [0.34240412574751744, 0.34099637879951716, 0.34116097882146385, 0.34099637879951716]
entropy 20 60 [0.3439403083337905, 0.3436848458246461, 0.3426972456929661, 0.34297157906287723]
entropy 20 70 [0.3471772644977232, 0.3437945791726106, 0.34313617908482386, 0.3420388456051794]
entropy 20 80 [0.34525703626488174, 0.3426972456929661, 0.3446175792823439, 0.34313617908482386]
entropy 20 120 [0.34701267350633674, 0.34384944584659277, 0.34538571271809504, 0.34352024580269946]
entropy 20 160 [0.34915235639436004, 0.34538571271809504, 0.34538571271809504, 0.343904312520575]
entropy 20 200 [0.34750644648049595, 0.34796444639525953, 0.3468122462416328, 0.3468122462416328]
entropy 30 5 [0.2615350853129972, 0.2601777680237024, 0.2604521013936135, 0.26401843520245805]
entropy 30 10 [0.28913150820211775, 0.28393503785800506, 0.27883243717765827, 0.28442883792384505]
entropy 30 15 [0.29242332802984583, 0.2956216394162186, 0.29101283880171186, 0.28969603862613846]
entropy 30 20 [0.30015910462500683, 0.29907823987709864, 0.29907823987709864, 0.30176670690222757]
entropy 30 30 [0.306852471608054, 0.3056073740809832, 0.3036321738176232, 0.30478437397124986]
entropy 30 40 [0.30635869863389475, 0.30944804125973885, 0.30824097443212994, 0.3015472402062987]
entropy 30 50 [0.3088824271684863, 0.3091188412158455, 0.31081970810929443, 0.3063755075167343]
entropy 30 60 [0.3140944752290558, 0.3100515746735433, 0.3133984417864589, 0.30900910786788105]
entropy 30 70 [0.3095956547978274, 0.3092285745638099, 0.3119719082629211, 0.3071436409524855]
entropy 30 80 [0.31228397432380534, 0.3093931745857566, 0.30944804125973885, 0.30873477449796993]
entropy 30 120 [0.31354583859110113, 0.31372764183035223, 0.3122462416328322, 0.3098321079776144]
entropy 30 160 [0.3123388379876008, 0.31444090859212115, 0.31372764183035223, 0.31202677493690334]
entropy 30 200 [0.31524661216876065, 0.3145506419400856, 0.31263030835070776, 0.3084604411280588]
entropy 40 5 [0.26158994897679266, 0.2559530341270712, 0.2537035004938001, 0.2553495007132668]
entropy 40 10 [0.27771986613266036, 0.2798200373093383, 0.2806979040930539, 0.27592450345660047]
entropy 40 15 [0.28962528117627695, 0.28843410512454737, 0.2924942389992319, 0.2842093712279162]
entropy 40 20 [0.2917649640643002, 0.29320750576100074, 0.29221990562932076, 0.2887084384944585]
entropy 40 30 [0.2992264223404839, 0.2963897728519697, 0.2963897728519697, 0.2971579062877208]
entropy 40 40 [0.29950074065946125, 0.301382640184352, 0.30143750685833426, 0.2971579062877208]
entropy 40 50 [0.3038349700993032, 0.3039065071875343, 0.3009437067924942, 0.2968835729178097]
entropy 40 60 [0.3026828331595984, 0.30522330736310765, 0.30401624053549875, 0.29831010644134753]
entropy 40 70 [0.3075656992373951, 0.30472950729726767, 0.3029189070558543, 0.30451004060133874]
entropy 40 80 [0.3056454710045537, 0.3041259738834632, 0.30385164051355207, 0.30187644025019206]
entropy 40 120 [0.3064684259614857, 0.3050038406671788, 0.3056073740809832, 0.3048392406452321]
entropy 40 160 [0.3055906073407582, 0.3057719741029299, 0.30615604082080544, 0.30418084055744543]
entropy 40 200 [0.3060843803149174, 0.30686930758257436, 0.30813124108416545, 0.3048392406452321]
entropy 50 5 [0.2559938552696549, 0.2601777680237024, 0.25737956765060904, 0.2629211017228136]
entropy 50 10 [0.2795303670379108, 0.2811917041588939, 0.2790519038735872, 0.27372983649731153]
entropy 50 15 [0.2889120535469359, 0.28843410512454737, 0.28305717107428946, 0.28278283770437834]
entropy 50 20 [0.29132605475393647, 0.29178097223746297, 0.2956216394162186, 0.2893119719082629]
entropy 50 30 [0.2940143742799144, 0.29600570613409416, 0.2975968396795786, 0.29364643915285854]
entropy 50 40 [0.30120151423712077, 0.29979150663886756, 0.2995720399429387, 0.29858443981125865]
entropy 50 50 [0.3021890601854392, 0.29841983978931197, 0.3009437067924942, 0.2996269066169209]
entropy 50 60 [0.30482251604762167, 0.30297377372983647, 0.3036870404916054, 0.29798090639745417]
entropy 50 70 [0.3030668788061667, 0.3019861735981565, 0.30385164051355207, 0.3004499067266542]
entropy 50 80 [0.3021890601854392, 0.3046746406232854, 0.3015472402062987, 0.30357730714364095]
entropy 50 120 [0.3052065616941899, 0.3062657741687699, 0.3046746406232854, 0.3036870404916054]
entropy 50 160 [0.3059746529873265, 0.3056073740809832, 0.30643037419071656, 0.3039065071875343]
entropy 50 200 [0.3066330169528721, 0.30813124108416545, 0.3069790409305388, 0.3035224404696587]
entropy 60 5 [0.25215339880397214, 0.2547459672994623, 0.2574893009985735, 0.2478876330516844]
entropy 60 10 [0.2809019586327975, 0.2793811039174805, 0.2796554372873916, 0.27548557006474267]
entropy 60 15 [0.28770505294343557, 0.28695270492702735, 0.2888730385164051, 0.28580050477340063]
entropy 60 20 [0.2939046469523235, 0.29556677274223636, 0.29227477230330295, 0.2873916383188851]
entropy 60 30 [0.29368519229714163, 0.29693843959179195, 0.2982003730933831, 0.2943048392406452]
entropy 60 40 [0.30185987820266635, 0.299407439920992, 0.2982552397673653, 0.29529243937232524]
entropy 60 50 [0.30092719591814343, 0.30023044003072535, 0.3011083068144409, 0.2986941731592231]
entropy 60 60 [0.30037855928018875, 0.30401624053549875, 0.3007791067705476, 0.2998463733128498]
entropy 60 70 [0.3064684259614857, 0.30237024031603205, 0.30434544057939206, 0.299901239986832]
entropy 60 80 [0.3019696055302573, 0.3036321738176232, 0.3051684406891254, 0.3032481070997476]
entropy 60 120 [0.3051516980303945, 0.3062657741687699, 0.30659497421266324, 0.3036870404916054]
entropy 60 160 [0.3056454710045537, 0.3062657741687699, 0.30593657412487657, 0.30418084055744543]
entropy 60 200 [0.3061941076425084, 0.3063755075167343, 0.30763744101832546, 0.3027543070339076]
entropy 70 5 [0.2542382180281999, 0.25798310106441347, 0.2570503676067157, 0.25200263360035113]
entropy 70 10 [0.2810665496241839, 0.2764731701964227, 0.2769669702622627, 0.2767475035663338]
entropy 70 15 [0.28512646074504855, 0.28892790519038736, 0.2878305717107429, 0.2845934379457917]
entropy 70 20 [0.291271191090141, 0.2941951058926808, 0.28843410512454737, 0.2867332382310984]
entropy 70 30 [0.29944587699566577, 0.29606057280807635, 0.29386590584878747, 0.29408537254471634]
entropy 70 40 [0.30032369561639327, 0.301382640184352, 0.3023153736420498, 0.29737737298364975]
entropy 70 50 [0.30257310583200747, 0.30023044003072535, 0.30023044003072535, 0.2974871063316142]
entropy 70 60 [0.30257310583200747, 0.3036321738176232, 0.30407110720948094, 0.30143750685833426]
entropy 70 70 [0.3047127887200307, 0.30401624053549875, 0.29935257324700976, 0.29902337320311645]
entropy 70 80 [0.3043836067372579, 0.30297377372983647, 0.30418084055744543, 0.2974871063316142]
entropy 70 120 [0.3075108355735996, 0.3048941073192143, 0.306046307472841, 0.3048392406452321]
entropy 70 160 [0.3065232896252812, 0.3041259738834632, 0.3067595742346099, 0.3029189070558543]
entropy 70 200 [0.30570033466834917, 0.30494897399319654, 0.3067047075606277, 0.3048392406452321]
entropy 80 5 [0.26120590333022436, 0.26006803467573797, 0.2543070339076045, 0.2558433007791068]
entropy 80 10 [0.27964009436550175, 0.27581477010863603, 0.2745528366070449, 0.2755953034127071]
entropy 80 15 [0.28507159708125307, 0.2864040381872051, 0.2849775046636673, 0.2837704378360584]
entropy 80 20 [0.29379491962473253, 0.2916163722155163, 0.2892571052342807, 0.2917261055634807]
entropy 80 30 [0.2971416031162561, 0.2994623065949742, 0.2956765060902008, 0.2950181060024141]
entropy 80 40 [0.29999451363362045, 0.30264457368594316, 0.29863930648524084, 0.2966092395478986]
entropy 80 50 [0.30207933285784827, 0.3009437067924942, 0.3010534401404587, 0.29863930648524084]
entropy 80 60 [0.3015306962198936, 0.30407110720948094, 0.3019861735981565, 0.3001207066827609]
entropy 80 70 [0.30191474186646183, 0.30330297377372983, 0.3013277735103698, 0.29935257324700976]
entropy 80 80 [0.3029022878147803, 0.3034675737956765, 0.30407110720948094, 0.299901239986832]
entropy 80 120 [0.3046030613924398, 0.30730824097443216, 0.3044003072533743, 0.3034675737956765]
entropy 80 160 [0.3064684259614857, 0.30643037419071656, 0.30763744101832546, 0.3036321738176232]
entropy 80 200 [0.30432874307346247, 0.30615604082080544, 0.3039613738615165, 0.30407110720948094]


Logit
## not converged
ovr [0.35200526691172435, 0.3480193130692417, 0.35109184681224626, 0.34856797980906395]
## not converged
multinomial [0.3519504032479289, 0.3481839130911884, 0.3512015801602107, 0.3476901130253484]

SVM
rbf [0.299939649969825, 0.29556677274223636, 0.30900910786788105, 0.30692417425655655]
poly [0.3114610193668733, 0.30857017447602325, 0.31625150883353453, 0.3163063755075167]
sigmoid [0.22872661436330718, 0.21869856249314168, 0.2263250301766707, 0.23027543070339077]


=======================================================================




